{
 "cells": [
  {
   "cell_type": "markdown",
   "id": "164efe34",
   "metadata": {},
   "source": [
    "# Question 5\n",
    "### Consider the dataset california_housing from sklearn . Find the correlation b/w the different attributes of this dataset. Using the least square estimation method from sklearn, find the best fit line. Also find the error."
   ]
  },
  {
   "cell_type": "markdown",
   "id": "a42fd111",
   "metadata": {},
   "source": [
    "# Import required libraries"
   ]
  },
  {
   "cell_type": "code",
   "execution_count": 25,
   "id": "fe036f81",
   "metadata": {},
   "outputs": [],
   "source": [
    "import pandas as pd\n",
    "from sklearn import datasets\n",
    "from sklearn.linear_model import LinearRegression \n",
    "from sklearn.metrics import mean_squared_error\n",
    "from sklearn.model_selection import train_test_split"
   ]
  },
  {
   "cell_type": "markdown",
   "id": "b0d9a586",
   "metadata": {},
   "source": [
    "# Load and split data"
   ]
  },
  {
   "cell_type": "code",
   "execution_count": 26,
   "id": "a8bde72f",
   "metadata": {},
   "outputs": [],
   "source": [
    "california_housing = datasets.fetch_california_housing()\n",
    "X = california_housing.data\n",
    "Y = california_housing.target\n",
    "\n",
    "X_train,X_test,Y_train,Y_test = train_test_split(X,Y,test_size = 0.2, random_state = 42)\n"
   ]
  },
  {
   "cell_type": "markdown",
   "id": "f785f087",
   "metadata": {},
   "source": [
    "# Create and train model "
   ]
  },
  {
   "cell_type": "code",
   "execution_count": 27,
   "id": "19b8c70a",
   "metadata": {},
   "outputs": [
    {
     "data": {
      "text/plain": [
       "LinearRegression()"
      ]
     },
     "execution_count": 27,
     "metadata": {},
     "output_type": "execute_result"
    }
   ],
   "source": [
    "LRmodel = LinearRegression()\n",
    "LRmodel.fit(X_train,Y_train)"
   ]
  },
  {
   "cell_type": "markdown",
   "id": "bc5e3d20",
   "metadata": {},
   "source": [
    "# Correlation"
   ]
  },
  {
   "cell_type": "code",
   "execution_count": 28,
   "id": "fc0183bd",
   "metadata": {},
   "outputs": [
    {
     "data": {
      "text/html": [
       "<div>\n",
       "<style scoped>\n",
       "    .dataframe tbody tr th:only-of-type {\n",
       "        vertical-align: middle;\n",
       "    }\n",
       "\n",
       "    .dataframe tbody tr th {\n",
       "        vertical-align: top;\n",
       "    }\n",
       "\n",
       "    .dataframe thead th {\n",
       "        text-align: right;\n",
       "    }\n",
       "</style>\n",
       "<table border=\"1\" class=\"dataframe\">\n",
       "  <thead>\n",
       "    <tr style=\"text-align: right;\">\n",
       "      <th></th>\n",
       "      <th>MedInc</th>\n",
       "      <th>HouseAge</th>\n",
       "      <th>AveRooms</th>\n",
       "      <th>AveBedrms</th>\n",
       "      <th>Population</th>\n",
       "      <th>AveOccup</th>\n",
       "      <th>Latitude</th>\n",
       "      <th>Longitude</th>\n",
       "    </tr>\n",
       "  </thead>\n",
       "  <tbody>\n",
       "    <tr>\n",
       "      <th>MedInc</th>\n",
       "      <td>1.000000</td>\n",
       "      <td>-0.119034</td>\n",
       "      <td>0.326895</td>\n",
       "      <td>-0.062040</td>\n",
       "      <td>0.004834</td>\n",
       "      <td>0.018766</td>\n",
       "      <td>-0.079809</td>\n",
       "      <td>-0.015176</td>\n",
       "    </tr>\n",
       "    <tr>\n",
       "      <th>HouseAge</th>\n",
       "      <td>-0.119034</td>\n",
       "      <td>1.000000</td>\n",
       "      <td>-0.153277</td>\n",
       "      <td>-0.077747</td>\n",
       "      <td>-0.296244</td>\n",
       "      <td>0.013191</td>\n",
       "      <td>0.011173</td>\n",
       "      <td>-0.108197</td>\n",
       "    </tr>\n",
       "    <tr>\n",
       "      <th>AveRooms</th>\n",
       "      <td>0.326895</td>\n",
       "      <td>-0.153277</td>\n",
       "      <td>1.000000</td>\n",
       "      <td>0.847621</td>\n",
       "      <td>-0.072213</td>\n",
       "      <td>-0.004852</td>\n",
       "      <td>0.106389</td>\n",
       "      <td>-0.027540</td>\n",
       "    </tr>\n",
       "    <tr>\n",
       "      <th>AveBedrms</th>\n",
       "      <td>-0.062040</td>\n",
       "      <td>-0.077747</td>\n",
       "      <td>0.847621</td>\n",
       "      <td>1.000000</td>\n",
       "      <td>-0.066197</td>\n",
       "      <td>-0.006181</td>\n",
       "      <td>0.069721</td>\n",
       "      <td>0.013344</td>\n",
       "    </tr>\n",
       "    <tr>\n",
       "      <th>Population</th>\n",
       "      <td>0.004834</td>\n",
       "      <td>-0.296244</td>\n",
       "      <td>-0.072213</td>\n",
       "      <td>-0.066197</td>\n",
       "      <td>1.000000</td>\n",
       "      <td>0.069863</td>\n",
       "      <td>-0.108785</td>\n",
       "      <td>0.099773</td>\n",
       "    </tr>\n",
       "    <tr>\n",
       "      <th>AveOccup</th>\n",
       "      <td>0.018766</td>\n",
       "      <td>0.013191</td>\n",
       "      <td>-0.004852</td>\n",
       "      <td>-0.006181</td>\n",
       "      <td>0.069863</td>\n",
       "      <td>1.000000</td>\n",
       "      <td>0.002366</td>\n",
       "      <td>0.002476</td>\n",
       "    </tr>\n",
       "    <tr>\n",
       "      <th>Latitude</th>\n",
       "      <td>-0.079809</td>\n",
       "      <td>0.011173</td>\n",
       "      <td>0.106389</td>\n",
       "      <td>0.069721</td>\n",
       "      <td>-0.108785</td>\n",
       "      <td>0.002366</td>\n",
       "      <td>1.000000</td>\n",
       "      <td>-0.924664</td>\n",
       "    </tr>\n",
       "    <tr>\n",
       "      <th>Longitude</th>\n",
       "      <td>-0.015176</td>\n",
       "      <td>-0.108197</td>\n",
       "      <td>-0.027540</td>\n",
       "      <td>0.013344</td>\n",
       "      <td>0.099773</td>\n",
       "      <td>0.002476</td>\n",
       "      <td>-0.924664</td>\n",
       "      <td>1.000000</td>\n",
       "    </tr>\n",
       "  </tbody>\n",
       "</table>\n",
       "</div>"
      ],
      "text/plain": [
       "              MedInc  HouseAge  AveRooms  AveBedrms  Population  AveOccup  \\\n",
       "MedInc      1.000000 -0.119034  0.326895  -0.062040    0.004834  0.018766   \n",
       "HouseAge   -0.119034  1.000000 -0.153277  -0.077747   -0.296244  0.013191   \n",
       "AveRooms    0.326895 -0.153277  1.000000   0.847621   -0.072213 -0.004852   \n",
       "AveBedrms  -0.062040 -0.077747  0.847621   1.000000   -0.066197 -0.006181   \n",
       "Population  0.004834 -0.296244 -0.072213  -0.066197    1.000000  0.069863   \n",
       "AveOccup    0.018766  0.013191 -0.004852  -0.006181    0.069863  1.000000   \n",
       "Latitude   -0.079809  0.011173  0.106389   0.069721   -0.108785  0.002366   \n",
       "Longitude  -0.015176 -0.108197 -0.027540   0.013344    0.099773  0.002476   \n",
       "\n",
       "            Latitude  Longitude  \n",
       "MedInc     -0.079809  -0.015176  \n",
       "HouseAge    0.011173  -0.108197  \n",
       "AveRooms    0.106389  -0.027540  \n",
       "AveBedrms   0.069721   0.013344  \n",
       "Population -0.108785   0.099773  \n",
       "AveOccup    0.002366   0.002476  \n",
       "Latitude    1.000000  -0.924664  \n",
       "Longitude  -0.924664   1.000000  "
      ]
     },
     "execution_count": 28,
     "metadata": {},
     "output_type": "execute_result"
    }
   ],
   "source": [
    "df = pd.DataFrame(X, columns=california_housing.feature_names)\n",
    "df.corr()"
   ]
  },
  {
   "cell_type": "markdown",
   "id": "26983109",
   "metadata": {},
   "source": [
    "# Coefficients and Intercept"
   ]
  },
  {
   "cell_type": "code",
   "execution_count": 29,
   "id": "db0b6b96",
   "metadata": {},
   "outputs": [
    {
     "name": "stdout",
     "output_type": "stream",
     "text": [
      "Coefficients: [ 4.48674910e-01  9.72425752e-03 -1.23323343e-01  7.83144907e-01\n",
      " -2.02962058e-06 -3.52631849e-03 -4.19792487e-01 -4.33708065e-01]\n",
      "\n",
      "Intercept: -37.023277706063766\n"
     ]
    }
   ],
   "source": [
    "print(\"Coefficients:\", LRmodel.coef_)\n",
    "print(\"\\nIntercept:\", LRmodel.intercept_)"
   ]
  },
  {
   "cell_type": "code",
   "execution_count": 30,
   "id": "4050593b",
   "metadata": {},
   "outputs": [
    {
     "name": "stdout",
     "output_type": "stream",
     "text": [
      "\n",
      "\n",
      "Mean squared error:  0.555891598695242\n"
     ]
    }
   ],
   "source": [
    "Y_pred = LRmodel.predict(X_test)\n",
    "mse = mean_squared_error(Y_test,Y_pred)\n",
    "print(\"\\n\\nMean squared error: \",mse)"
   ]
  },
  {
   "cell_type": "code",
   "execution_count": null,
   "id": "31b032a0",
   "metadata": {},
   "outputs": [],
   "source": []
  }
 ],
 "metadata": {
  "kernelspec": {
   "display_name": "Python 3 (ipykernel)",
   "language": "python",
   "name": "python3"
  },
  "language_info": {
   "codemirror_mode": {
    "name": "ipython",
    "version": 3
   },
   "file_extension": ".py",
   "mimetype": "text/x-python",
   "name": "python",
   "nbconvert_exporter": "python",
   "pygments_lexer": "ipython3",
   "version": "3.9.12"
  }
 },
 "nbformat": 4,
 "nbformat_minor": 5
}
